95.00
277.00
486.00
669.00
802.00
2632.00
578.00
2054.00
1661.00
2089.00
4739.00
3086.00
3991.00
3733.00
3147.00
3523.00
2704.00
3015.00
2525.00
2032.00
373.00
15136.00
6463.00
2055.00
2100.00
1921.00
1777.00
408.00
458.00
473.00
1451.00
21.00
219.00
513.00
412.00
434.00
328.00
428.00
576.00
204.00
125.00
125.00
151.00
153.00
80.00
53.00
37.00
27.00
34.00
11.00
13.00
32.00
26.00
30.00
25.00
45.00
54.00
94.00
55.00
130.00
63.00
93.00
70.00
121.00
115.00
102.00
123.00
76.00
81.00
82.00
71.00
79.00
32.00
59.00
63.00
53.00
91.00
74.00
58.00
73.00
120.00
79.00
93.00
50.00